24
NULL 0 Common 0
Joined 7 0,255,0,255,0,0,0,0,0,0 Latin 1 0 1 Joined	# Joined [4a 6f 69 6e 65 64 ]a
|Broken|0|1 15 0,255,0,255,0,0,0,0,0,0 Common 2 10 2 |Broken|0|1	# Broken
٠ 8 0,255,0,255,0,0,0,0,0,0 Arabic 3 5 3 ٠	# ٠ [660 ]0
١ 8 0,255,0,255,0,0,0,0,0,0 Arabic 4 5 4 ١	# ١ [661 ]0
٢ 8 0,255,0,255,0,0,0,0,0,0 Arabic 5 5 5 ٢	# ٢ [662 ]0
٣ 8 0,255,0,255,0,0,0,0,0,0 Arabic 6 5 6 ٣	# ٣ [663 ]0
٤ 8 0,255,0,255,0,0,0,0,0,0 Arabic 7 5 7 ٤	# ٤ [664 ]0
٥ 8 0,255,0,255,0,0,0,0,0,0 Arabic 8 5 8 ٥	# ٥ [665 ]0
٦ 8 0,255,0,255,0,0,0,0,0,0 Arabic 9 5 9 ٦	# ٦ [666 ]0
٧ 8 0,255,0,255,0,0,0,0,0,0 Arabic 10 5 10 ٧	# ٧ [667 ]0
٨ 8 0,255,0,255,0,0,0,0,0,0 Arabic 11 5 11 ٨	# ٨ [668 ]0
٩ 8 0,255,0,255,0,0,0,0,0,0 Arabic 12 5 12 ٩	# ٩ [669 ]0
0 8 0,255,0,255,0,0,0,0,0,0 Common 13 2 13 0	# 0 [30 ]0
1 8 0,255,0,255,0,0,0,0,0,0 Common 14 2 14 1	# 1 [31 ]0
2 8 0,255,0,255,0,0,0,0,0,0 Common 15 2 15 2	# 2 [32 ]0
3 8 0,255,0,255,0,0,0,0,0,0 Common 16 2 16 3	# 3 [33 ]0
4 8 0,255,0,255,0,0,0,0,0,0 Common 17 2 17 4	# 4 [34 ]0
5 8 0,255,0,255,0,0,0,0,0,0 Common 18 2 18 5	# 5 [35 ]0
6 8 0,255,0,255,0,0,0,0,0,0 Common 19 2 19 6	# 6 [36 ]0
7 8 0,255,0,255,0,0,0,0,0,0 Common 20 2 20 7	# 7 [37 ]0
8 8 0,255,0,255,0,0,0,0,0,0 Common 21 2 21 8	# 8 [38 ]0
9 8 0,255,0,255,0,0,0,0,0,0 Common 22 2 22 9	# 9 [39 ]0
/ 16 0,255,0,255,0,0,0,0,0,0 Common 23 6 23 /	# / [2f ]p
